510042026031120334754252   5 5788,0      ,0          ,0          ,0          ,0          ,0          ,0          ,0          ,0          ,0          0           0090990   
510042026031120133414399   5 17565,0     ,0          ,0          ,0          ,0          ,0          ,0          ,0          ,0          ,0          0           0090990   
510042026031120283494633   5 3095,0      ,0          ,0          ,0          ,0          ,0          ,0          ,0          ,0          ,0          0           0090990   
510042026031120397002064   5 89308,0     ,0          ,0          ,0          ,0          ,0          ,0          ,0          ,0          ,0          0           0090990   
510042026031123382514149   2 14721,0     ,0          ,0          ,0          ,0          ,0          ,0          ,0          ,0          ,0          0           0090990   
510042026031120382220634   2 41,0        ,0          ,0          ,0          ,0          ,0          ,0          ,0          ,0          ,0          0           0090990   
510042026031130717801268   4 1376,0      ,0          ,0          ,0          ,0          ,0          ,0          ,0          ,0          ,0          0           0090990   
510042026031124336946405   5 1952,0      ,0          ,0          ,0          ,0          ,0          ,0          ,0          ,0          ,0          0           0090990   
510042026031127279143804   3 15154,0     ,0          ,0          ,0          ,0          ,0          ,0          ,0          ,0          ,0          0           0090990   
510042026031123404826484   2 1175,0      ,0          ,0          ,0          ,0          ,0          ,0          ,0          ,0          ,0          0           0090990   
510042026031127333943099   3 2918,0      ,0          ,0          ,0          ,0          ,0          ,0          ,0          ,0          ,0          0           0090990   
510042026031127337497174   5 15539,0     ,0          ,0          ,0          ,0          ,0          ,0          ,0          ,0          ,0          0           0090990   
510042026031127954079630   4 874,0       ,0          ,0          ,0          ,0          ,0          ,0          ,0          ,0          ,0          0           0090990   
510042026031120286192492   3 1731,0      ,0          ,0          ,0          ,0          ,0          ,0          ,0          ,0          ,0          0           0090990   
510042026031120312687772   5 7962,0      ,0          ,0          ,0          ,0          ,0          ,0          ,0          ,0          ,0          0           0090990   
510042026031127307928952   3 2580,0      ,0          ,0          ,0          ,0          ,0          ,0          ,0          ,0          ,0          0           0090990   
510042026031123295658614   1 567,0       ,0          ,0          ,0          ,0          ,0          ,0          ,0          ,0          ,0          0           0090990   
510042026031120278096123   1 4998,0      ,0          ,0          ,0          ,0          ,0          ,0          ,0          ,0          ,0          0           0090990   
510042026031123206137339   2 222,0       ,0          ,0          ,0          ,0          ,0          ,0          ,0          ,0          ,0          0           0090990   
510042026031127362556282   2 268,0       ,0          ,0          ,0          ,0          ,0          ,0          ,0          ,0          ,0          0           0090990   
510042026031120173129468   3 4506,0      ,0          ,0          ,0          ,0          ,0          ,0          ,0          ,0          ,0          0           0090990   
510042026031123298389134   5 1491,0      ,0          ,0          ,0          ,0          ,0          ,0          ,0          ,0          ,0          0           0090990   
510042026031120399036705   4 489,0       ,0          ,0          ,0          ,0          ,0          ,0          ,0          ,0          ,0          0           0090990   
510042026031120404842235   5 1140,0      ,0          ,0          ,0          ,0          ,0          ,0          ,0          ,0          ,0          0           0090990   
510042026031120125865551   4 8534,0      ,0          ,0          ,0          ,0          ,0          ,0          ,0          ,0          ,0          0           0090990   
510042026031120213558618   5 626,0       ,0          ,0          ,0          ,0          ,0          ,0          ,0          ,0          ,0          0           0090990   
510042026031123146884539   5 1491,0      ,0          ,0          ,0          ,0          ,0          ,0          ,0          ,0          ,0          0           0090990   
510042026031127349145052   2 116,0       ,0          ,0          ,0          ,0          ,0          ,0          ,0          ,0          ,0          0           0090990   
510042026031120299424481   1 567,0       ,0          ,0          ,0          ,0          ,0          ,0          ,0          ,0          ,0          0           0090990   
510042026031120307651077   1 509,0       ,0          ,0          ,0          ,0          ,0          ,0          ,0          ,0          ,0          0           0090990   
510042026031120360358799   2 1048,0      ,0          ,0          ,0          ,0          ,0          ,0          ,0          ,0          ,0          0           0090990   
510042026031120234681304   1 1751,0      ,0          ,0          ,0          ,0          ,0          ,0          ,0          ,0          ,0          0           0090990   
510042026031120266410256   4 659,0       ,0          ,0          ,0          ,0          ,0          ,0          ,0          ,0          ,0          0           0090990   
510042026031120178911121   5 3933,0      ,0          ,0          ,0          ,0          ,0          ,0          ,0          ,0          ,0          0           0090990   
510042026031123267713669   3 563,0       ,0          ,0          ,0          ,0          ,0          ,0          ,0          ,0          ,0          0           0090990   
510042026031127234357838   4 3896,0      ,0          ,0          ,0          ,0          ,0          ,0          ,0          ,0          ,0          0           0090990   
510042026031130714309621   2 41,0        ,0          ,0          ,0          ,0          ,0          ,0          ,0          ,0          ,0          0           0090990   
510042026031130716333295   5 18036,0     ,0          ,0          ,0          ,0          ,0          ,0          ,0          ,0          ,0          0           0090990   
510042026031120242846223   3 4242,0      ,0          ,0          ,0          ,0          ,0          ,0          ,0          ,0          ,0          0           0090990   
510042026031120245573090   1 570,0       ,0          ,0          ,0          ,0          ,0          ,0          ,0          ,0          ,0          0           0090990   
510042026031127240157174   5 40601,0     ,0          ,0          ,0          ,0          ,0          ,0          ,0          ,0          ,0          0           0090990   
510042026031127365039106   5 703,0       ,0          ,0          ,0          ,0          ,0          ,0          ,0          ,0          ,0          0           0090990   
510042026031130716432374   3 16664,0     ,0          ,0          ,0          ,0          ,0          ,0          ,0          ,0          ,0          0           0090990   
510042026031127455894951   3 1731,0      ,0          ,0          ,0          ,0          ,0          ,0          ,0          ,0          ,0          0           0090990   
510042026031120405984688   5 2666,0      ,0          ,0          ,0          ,0          ,0          ,0          ,0          ,0          ,0          0           0090990   
510042026031123215644499   5 57131,0     ,0          ,0          ,0          ,0          ,0          ,0          ,0          ,0          ,0          0           0090990   
510042026031127274509622   1 271,0       ,0          ,0          ,0          ,0          ,0          ,0          ,0          ,0          ,0          0           0090990   
510042026031127288969995   5 1959,0      ,0          ,0          ,0          ,0          ,0          ,0          ,0          ,0          ,0          0           0090990   
510042026031127317711188   3 2640,0      ,0          ,0          ,0          ,0          ,0          ,0          ,0          ,0          ,0          0           0090990   
510042026031120241881394   4 4851,0      ,0          ,0          ,0          ,0          ,0          ,0          ,0          ,0          ,0          0           0090990   
510042026031123317972229   2 7832,0      ,0          ,0          ,0          ,0          ,0          ,0          ,0          ,0          ,0          0           0090990   
510042026031127140744307   1 210,0       ,0          ,0          ,0          ,0          ,0          ,0          ,0          ,0          ,0          0           0090990   
510042026031127244010410   5 3933,0      ,0          ,0          ,0          ,0          ,0          ,0          ,0          ,0          ,0          0           0090990   
510042026031127267716094   1 187,0       ,0          ,0          ,0          ,0          ,0          ,0          ,0          ,0          ,0          0           0090990   
510042026031120256479525   3 215,0       ,0          ,0          ,0          ,0          ,0          ,0          ,0          ,0          ,0          0           0090990   
510042026031120411211100   3 13192,0     ,0          ,0          ,0          ,0          ,0          ,0          ,0          ,0          ,0          0           0090990   
510042026031124242842045   5 3264,0      ,0          ,0          ,0          ,0          ,0          ,0          ,0          ,0          ,0          0           0090990   
510042026031127251191161   3 7414,0      ,0          ,0          ,0          ,0          ,0          ,0          ,0          ,0          ,0          0           0090990   
510042026031120388393832   4 7412,0      ,0          ,0          ,0          ,0          ,0          ,0          ,0          ,0          ,0          0           0090990   
510042026031127240263764   5 10622,0     ,0          ,0          ,0          ,0          ,0          ,0          ,0          ,0          ,0          0           0090990   
510042026031127249396635   2 182,0       ,0          ,0          ,0          ,0          ,0          ,0          ,0          ,0          ,0          0           0090990   
510042026031120239637621   2 222,0       ,0          ,0          ,0          ,0          ,0          ,0          ,0          ,0          ,0          0           0090990   
510042026031120297735072   2 6515,0      ,0          ,0          ,0          ,0          ,0          ,0          ,0          ,0          ,0          0           0090990   
510042026031123374930729   2 1214,0      ,0          ,0          ,0          ,0          ,0          ,0          ,0          ,0          ,0          0           0090990   
510042026031120280869946   2 119,0       ,0          ,0          ,0          ,0          ,0          ,0          ,0          ,0          ,0          0           0090990   
510042026031127387647347   3 98,0        ,0          ,0          ,0          ,0          ,0          ,0          ,0          ,0          ,0          0           0090990   
510042026031120160084929   3 2020,0      ,0          ,0          ,0          ,0          ,0          ,0          ,0          ,0          ,0          0           0090990   
510042026031120177444090   4 14137,0     ,0          ,0          ,0          ,0          ,0          ,0          ,0          ,0          ,0          0           0090990   
510042026031120208023986   3 37644,0     ,0          ,0          ,0          ,0          ,0          ,0          ,0          ,0          ,0          0           0090990   
510042026031127338203492   4 4196,0      ,0          ,0          ,0          ,0          ,0          ,0          ,0          ,0          ,0          0           0090990   
510042026031120365034541   4 2105,0      ,0          ,0          ,0          ,0          ,0          ,0          ,0          ,0          ,0          0           0090990   
510042026031127248777880   3 794,0       ,0          ,0          ,0          ,0          ,0          ,0          ,0          ,0          ,0          0           0090990   
510042026031120164140882   5 20403,0     ,0          ,0          ,0          ,0          ,0          ,0          ,0          ,0          ,0          0           0090990   
510042026031120245587970   5 599,0       ,0          ,0          ,0          ,0          ,0          ,0          ,0          ,0          ,0          0           0090990   
510042026031120313997503   5 1491,0      ,0          ,0          ,0          ,0          ,0          ,0          ,0          ,0          ,0          0           0090990   
510042026031120344964522   5 148,0       ,0          ,0          ,0          ,0          ,0          ,0          ,0          ,0          ,0          0           0090990   
510042026031127340619019   5 7361,0      ,0          ,0          ,0          ,0          ,0          ,0          ,0          ,0          ,0          0           0090990   
510042026031127397908807   5 6676,0      ,0          ,0          ,0          ,0          ,0          ,0          ,0          ,0          ,0          0           0090990   
510042026031120206566656   2 3428,0      ,0          ,0          ,0          ,0          ,0          ,0          ,0          ,0          ,0          0           0090990   
510042026031120355032559   3 2209,0      ,0          ,0          ,0          ,0          ,0          ,0          ,0          ,0          ,0          0           0090990   
510042026031120410463750   5 12668,0     ,0          ,0          ,0          ,0          ,0          ,0          ,0          ,0          ,0          0           0090990   
510042026031127254252056   2 119,0       ,0          ,0          ,0          ,0          ,0          ,0          ,0          ,0          ,0          0           0090990   
510042026031130716161141   2 1338,0      ,0          ,0          ,0          ,0          ,0          ,0          ,0          ,0          ,0          0           0090990   
510042026031120360353827   4 2105,0      ,0          ,0          ,0          ,0          ,0          ,0          ,0          ,0          ,0          0           0090990   
510042026031120282557992   2 1338,0      ,0          ,0          ,0          ,0          ,0          ,0          ,0          ,0          ,0          0           0090990   
510042026031120321715851   1 175,0       ,0          ,0          ,0          ,0          ,0          ,0          ,0          ,0          ,0          0           0090990   
510042026031127244744279   5 3095,0      ,0          ,0          ,0          ,0          ,0          ,0          ,0          ,0          ,0          0           0090990   
510042026031130715519735   3 30484,0     ,0          ,0          ,0          ,0          ,0          ,0          ,0          ,0          ,0          0           0090990   
510042026031120221352050   2 3428,0      ,0          ,0          ,0          ,0          ,0          ,0          ,0          ,0          ,0          0           0090990   
510042026031120274503581   5 4735,0      ,0          ,0          ,0          ,0          ,0          ,0          ,0          ,0          ,0          0           0090990   
510042026031123333762854   1 4998,0      ,0          ,0          ,0          ,0          ,0          ,0          ,0          ,0          ,0          0           0090990   
510042026031127315914480   4 85801,0     ,0          ,0          ,0          ,0          ,0          ,0          ,0          ,0          ,0          0           0090990   
510042026031120190531679   5 7981,0      ,0          ,0          ,0          ,0          ,0          ,0          ,0          ,0          ,0          0           0090990   
510042026031120327973518   1 224,0       ,0          ,0          ,0          ,0          ,0          ,0          ,0          ,0          ,0          0           0090990   
510042026031127337123770   2 1175,0      ,0          ,0          ,0          ,0          ,0          ,0          ,0          ,0          ,0          0           0090990   
510042026031120342462716   3 1315,0      ,0          ,0          ,0          ,0          ,0          ,0          ,0          ,0          ,0          0           0090990   
510042026031127294269075   2 121,0       ,0          ,0          ,0          ,0          ,0          ,0          ,0          ,0          ,0          0           0090990   
510042026031120231758454   5 11689,0     ,0          ,0          ,0          ,0          ,0          ,0          ,0          ,0          ,0          0           0090990   
510042026031127145673386   2 6515,0      ,0          ,0          ,0          ,0          ,0          ,0          ,0          ,0          ,0          0           0090990   
510042026031120350189808   4 13908,0     ,0          ,0          ,0          ,0          ,0          ,0          ,0          ,0          ,0          0           0090990   
510042026031120364367180   4 10535,0     ,0          ,0          ,0          ,0          ,0          ,0          ,0          ,0          ,0          0           0090990   
510042026031124345582106   5 312,0       ,0          ,0          ,0          ,0          ,0          ,0          ,0          ,0          ,0          0           0090990   
510042026031127178217386   4 7412,0      ,0          ,0          ,0          ,0          ,0          ,0          ,0          ,0          ,0          0           0090990   
510042026031127326236980   3 105,0       ,0          ,0          ,0          ,0          ,0          ,0          ,0          ,0          ,0          0           0090990   
510042026031120410467837   2 1826,0      ,0          ,0          ,0          ,0          ,0          ,0          ,0          ,0          ,0          0           0090990   
510042026031120231725181   5 1587,0      ,0          ,0          ,0          ,0          ,0          ,0          ,0          ,0          ,0          0           0090990   
510042026031120257375685   5 326,0       ,0          ,0          ,0          ,0          ,0          ,0          ,0          ,0          ,0          0           0090990   
510042026031120278956319   5 469,0       ,0          ,0          ,0          ,0          ,0          ,0          ,0          ,0          ,0          0           0090990   
510042026031123328825244   5 2300,0      ,0          ,0          ,0          ,0          ,0          ,0          ,0          ,0          ,0          0           0090990   
510042026031127294492998   4 7304,0      ,0          ,0          ,0          ,0          ,0          ,0          ,0          ,0          ,0          0           0090990   
510042026031127440607190   2 121,0       ,0          ,0          ,0          ,0          ,0          ,0          ,0          ,0          ,0          0           0090990   
510042026031130714457779   2 1476,0      ,0          ,0          ,0          ,0          ,0          ,0          ,0          ,0          ,0          0           0090990   
510042026031120306881214   1 210,0       ,0          ,0          ,0          ,0          ,0          ,0          ,0          ,0          ,0          0           0090990   
510042026031123078537639   5 479,0       ,0          ,0          ,0          ,0          ,0          ,0          ,0          ,0          ,0          0           0090990   
510042026031123376199819   1 78,0        ,0          ,0          ,0          ,0          ,0          ,0          ,0          ,0          ,0          0           0090990   
510042026031120360354904   1 2970,0      ,0          ,0          ,0          ,0          ,0          ,0          ,0          ,0          ,0          0           0090990   
510042026031130717606848   4 5520,0      ,0          ,0          ,0          ,0          ,0          ,0          ,0          ,0          ,0          0           0090990   
510042026031120283570658   5 367,0       ,0          ,0          ,0          ,0          ,0          ,0          ,0          ,0          ,0          0           0090990   
510042026031120315272867   5 17565,0     ,0          ,0          ,0          ,0          ,0          ,0          ,0          ,0          ,0          0           0090990   
510042026031120147755326   1 2336,0      ,0          ,0          ,0          ,0          ,0          ,0          ,0          ,0          ,0          0           0090990   
510042026031120331664627   5 4304,0      ,0          ,0          ,0          ,0          ,0          ,0          ,0          ,0          ,0          0           0090990   
510042026031127265416026   1 187,0       ,0          ,0          ,0          ,0          ,0          ,0          ,0          ,0          ,0          0           0090990   
510042026031120365037427   2 2343,0      ,0          ,0          ,0          ,0          ,0          ,0          ,0          ,0          ,0          0           0090990   
510042026031120346289997   5 2510,0      ,0          ,0          ,0          ,0          ,0          ,0          ,0          ,0          ,0          0           0090990   
510042026031123317519834   1 175,0       ,0          ,0          ,0          ,0          ,0          ,0          ,0          ,0          ,0          0           0090990   
510042026031120175443283   2 1826,0      ,0          ,0          ,0          ,0          ,0          ,0          ,0          ,0          ,0          0           0090990   
510042026031120217863946   2 1327,0      ,0          ,0          ,0          ,0          ,0          ,0          ,0          ,0          ,0          0           0090990   
510042026031120292844868   1 2336,0      ,0          ,0          ,0          ,0          ,0          ,0          ,0          ,0          ,0          0           0090990   
510042026031127200775932   2 181,0       ,0          ,0          ,0          ,0          ,0          ,0          ,0          ,0          ,0          0           0090990   
510042026031127375250107   3 8332,0      ,0          ,0          ,0          ,0          ,0          ,0          ,0          ,0          ,0          0           0090990   
510042026031127467389136   2 13601,0     ,0          ,0          ,0          ,0          ,0          ,0          ,0          ,0          ,0          0           0090990   
510042026031123146161499   3 2209,0      ,0          ,0          ,0          ,0          ,0          ,0          ,0          ,0          ,0          0           0090990   
510042026031123260543849   5 367,0       ,0          ,0          ,0          ,0          ,0          ,0          ,0          ,0          ,0          0           0090990   
510042026031123312427079   3 37644,0     ,0          ,0          ,0          ,0          ,0          ,0          ,0          ,0          ,0          0           0090990   
510042026031127280278705   3 1352,0      ,0          ,0          ,0          ,0          ,0          ,0          ,0          ,0          ,0          0           0090990   
510042026031127443302536   2 14721,0     ,0          ,0          ,0          ,0          ,0          ,0          ,0          ,0          ,0          0           0090990   
510042026031120147524154   2 116,0       ,0          ,0          ,0          ,0          ,0          ,0          ,0          ,0          ,0          0           0090990   
510042026031120241734995   5 5438,0      ,0          ,0          ,0          ,0          ,0          ,0          ,0          ,0          ,0          0           0090990   
510042026031120323676225   5 2396,0      ,0          ,0          ,0          ,0          ,0          ,0          ,0          ,0          ,0          0           0090990   
510042026031127178913978   3 594,0       ,0          ,0          ,0          ,0          ,0          ,0          ,0          ,0          ,0          0           0090990   
510042026031127252258006   4 7507,0      ,0          ,0          ,0          ,0          ,0          ,0          ,0          ,0          ,0          0           0090990   
510042026031120312012252   3 2640,0      ,0          ,0          ,0          ,0          ,0          ,0          ,0          ,0          ,0          0           0090990   
510042026031127245798755   4 4196,0      ,0          ,0          ,0          ,0          ,0          ,0          ,0          ,0          ,0          0           0090990   
510042026031127387633427   2 182,0       ,0          ,0          ,0          ,0          ,0          ,0          ,0          ,0          ,0          0           0090990   
510042026031120134208393   5 6676,0      ,0          ,0          ,0          ,0          ,0          ,0          ,0          ,0          ,0          0           0090990   
510042026031120362543976   5 10622,0     ,0          ,0          ,0          ,0          ,0          ,0          ,0          ,0          ,0          0           0090990   
510042026031120367279339   2 1476,0      ,0          ,0          ,0          ,0          ,0          ,0          ,0          ,0          ,0          0           0090990   
510042026031120408152977   5 703,0       ,0          ,0          ,0          ,0          ,0          ,0          ,0          ,0          ,0          0           0090990   
510042026031127171732153   2 1048,0      ,0          ,0          ,0          ,0          ,0          ,0          ,0          ,0          ,0          0           0090990   
510042026031127213281327   4 888,0       ,0          ,0          ,0          ,0          ,0          ,0          ,0          ,0          ,0          0           0090990   
510042026031127252452996   3 1254,0      ,0          ,0          ,0          ,0          ,0          ,0          ,0          ,0          ,0          0           0090990   
510042026031120261709873   1 570,0       ,0          ,0          ,0          ,0          ,0          ,0          ,0          ,0          ,0          0           0090990   
510042026031120266864087   5 4556,0      ,0          ,0          ,0          ,0          ,0          ,0          ,0          ,0          ,0          0           0090990   
510042026031120299102948   2 1338,0      ,0          ,0          ,0          ,0          ,0          ,0          ,0          ,0          ,0          0           0090990   
510042026031120376311229   3 3811,0      ,0          ,0          ,0          ,0          ,0          ,0          ,0          ,0          ,0          0           0090990   
510042026031120435523200   2 400,0       ,0          ,0          ,0          ,0          ,0          ,0          ,0          ,0          ,0          0           0090990   
510042026031123944616594   5 1478,0      ,0          ,0          ,0          ,0          ,0          ,0          ,0          ,0          ,0          0           0090990   
510042026031120338327014   4 13908,0     ,0          ,0          ,0          ,0          ,0          ,0          ,0          ,0          ,0          0           0090990   
510042026031120392980564   3 6177,0      ,0          ,0          ,0          ,0          ,0          ,0          ,0          ,0          ,0          0           0090990   
510042026031120407239823   5 15104,0     ,0          ,0          ,0          ,0          ,0          ,0          ,0          ,0          ,0          0           0090990   
510042026031123365029849   5 1904,0      ,0          ,0          ,0          ,0          ,0          ,0          ,0          ,0          ,0          0           0090990   
510042026031120233139107   1 1896,0      ,0          ,0          ,0          ,0          ,0          ,0          ,0          ,0          ,0          0           0090990   
510042026031120343285621   2 4304,0      ,0          ,0          ,0          ,0          ,0          ,0          ,0          ,0          ,0          0           0090990   
510042026031127345247217   4 7453,0      ,0          ,0          ,0          ,0          ,0          ,0          ,0          ,0          ,0          0           0090990   
510042026031123119354269   5 1140,0      ,0          ,0          ,0          ,0          ,0          ,0          ,0          ,0          ,0          0           0090990   
510042026031120226938010   2 830,0       ,0          ,0          ,0          ,0          ,0          ,0          ,0          ,0          ,0          0           0090990   
510042026031120365030678   2 1214,0      ,0          ,0          ,0          ,0          ,0          ,0          ,0          ,0          ,0          0           0090990   
510042026031120358408924   4 1376,0      ,0          ,0          ,0          ,0          ,0          ,0          ,0          ,0          ,0          0           0090990   
510042026031127382224723   1 224,0       ,0          ,0          ,0          ,0          ,0          ,0          ,0          ,0          ,0          0           0090990   
510042026031127388907040   5 10622,0     ,0          ,0          ,0          ,0          ,0          ,0          ,0          ,0          ,0          0           0090990   
510042026031130715313150   3 5345,0      ,0          ,0          ,0          ,0          ,0          ,0          ,0          ,0          ,0          0           0090990   
510042026031120298378117   2 808,0       ,0          ,0          ,0          ,0          ,0          ,0          ,0          ,0          ,0          0           0090990   
510042026031120384634142   3 15099,0     ,0          ,0          ,0          ,0          ,0          ,0          ,0          ,0          ,0          0           0090990   
510042026031123334380319   3 4011,0      ,0          ,0          ,0          ,0          ,0          ,0          ,0          ,0          ,0          0           0090990   
